32
96
328
10
328
328
328
328
328
328
328
328
328
328
328
328
328
328
328
328
328
328
328
328
328
328
328
328
328
328
328
328
328
328
328
328
328
328
328
328
328
328
328
328
328
328
328
328
328
328
328
328
328
328
328
328
328
328
328
328
328
328
328
328
328
328
328
328
328
328
328
328
328
328
328
328
328
328
328
328
328
328
328
328
328
328
328
328
328
328
328
328
328
328
328
328
328
328
328
328
328
328
328
328
328
328
328
328
328
328
328
328
328
328
328
328
328
328
328
328
328
328
328
328
328
328
328
328
328
328
328
328
328
328
328
328
328
328
328
328
328
328
328
328
328
328
328
328
328
328
328
328
328
328
328
328
29
328
328
19
328
328
328
328
328
328
328
328
328
328
328
26
328
328
25
328
328
29
328
30
328
22
328
17
328
28
328
15
328
13
328
29
328
14
328
12
328
24
328
20
328
16
328
20
328
34
328
18
328
20
328
31
328
27
328
28
328
20
328
13
328
22
328
16
328
15
328
14
328
18
328
22
328
20
328
20
328
20
328
8
328
17
328
31
328
19
328
25
328
29
328
32
328
20
328
33
328
32
328
18
328
33
328
11
328
23
328
328
30
328
33
328
20
328
32
328
20
328
64
328
31
328
37
328
40
328
38
328
20
328
23
328
26
328
39
328
40
328
33
328
36
328
42
328
36
328
40
328
36
328
24
328
24
328
12
328
30
328
2
328
30
328
22
328
20
328
25
328
29
328
25
328
27
328
22
328
36
328
23
328
34
328
24
328
26
328
22
328
22
328
36
328
25
328
32
328
24
328
17
328
57
328
24
328
17
328
31
328
27
328
19
328
31
328
12
328
35
328
26
328
21
328
15
328
34
328
4
328
4
328
52
328
55
328
55
328
4
328
42
328
42
328
42
328
42
328
13
328
42
328
42
328
42
328
20
328
17
328
23
328
16
328
3
328
328
328
328
328
328
328
328
328
8
328
8
